
1
(54000,)
(16591,)
(15957,)
(15950,)
(15950, 1)
(6000, 1)
1: 73.23333333333333
2
(54000,)
(24522,)
(23767,)
(23755,)
(23755, 2)
(6000, 2)
2: 58.116666666666674
5
(54000,)
(39895,)
(39422,)
(39413,)
(39413, 5)
(6000, 5)
5: 26.116666666666667
10
(54000,)
(50126,)
(49986,)
(49983,)
(49983, 10)
(6000, 10)
10: 7.866666666666666
20
(54000,)
(52394,)
(52353,)
(52351,)
(52351, 20)
(6000, 20)
20: 3.0166666666666666
50
(54000,)
(52828,)
(52795,)
(52795, 50)
(6000, 50)
50: 2.5
100
(54000,)
(52720,)
(52719,)
(52719, 100)
(6000, 100)
100: 2.6166666666666667